2.000000000000000000e+00 8.000000000000000000e+00
2.691269999999999829e+00 7.153509999999999813e+00
3.011270000000000113e+00 6.785309999999999953e+00
3.148340000000000138e+00 6.551560000000000272e+00
3.542469999999999786e+00 6.057529999999999859e+00
4.052710000000000257e+00 5.621480000000000032e+00
4.619290000000000340e+00 5.364799999999999791e+00
5.123459999999999681e+00 5.126979999999999649e+00
5.515719999999999956e+00 4.899259999999999948e+00
5.756020000000000358e+00 4.647920000000000051e+00
5.976560000000000095e+00 4.403880000000000017e+00
6.642640000000000100e+00 3.962260000000000115e+00
6.931619999999999671e+00 3.167180000000000106e+00
7.190409999999999968e+00 2.824030000000000040e+00
7.561829999999999607e+00 2.470009999999999817e+00
8.000000000000000000e+00 2.000000000000000000e+00
