8.000000000000000000e+00 2.000000000000000000e+00
7.294900000000000162e+00 3.091579999999999995e+00
7.032549999999999635e+00 3.323719999999999786e+00
6.763020000000000032e+00 3.825569999999999915e+00
6.286629999999999718e+00 4.244480000000000253e+00
5.794010000000000105e+00 4.684140000000000192e+00
5.604790000000000383e+00 4.809300000000000352e+00
5.087650000000000006e+00 5.052249999999999908e+00
4.746069999999999567e+00 5.130939999999999834e+00
4.429389999999999716e+00 5.527619999999999756e+00
4.000110000000000277e+00 5.799710000000000143e+00
3.441329999999999778e+00 6.125820000000000043e+00
3.226830000000000087e+00 6.496260000000000367e+00
2.859030000000000182e+00 6.819289999999999630e+00
2.539480000000000182e+00 7.328809999999999825e+00
2.356879999999999864e+00 7.630840000000000067e+00
2.089119999999999866e+00 7.936530000000000307e+00
2.000000000000000000e+00 8.000000000000000000e+00
