8.000000000000000000e+00 8.000000000000000000e+00
7.524670000000000414e+00 7.514409999999999812e+00
7.201640000000000263e+00 7.148349999999999760e+00
6.953730000000000189e+00 6.651830000000000354e+00
6.801689999999999792e+00 6.410319999999999574e+00
6.327239999999999753e+00 5.956179999999999808e+00
5.886610000000000120e+00 5.616710000000000313e+00
5.367219999999999658e+00 5.170239999999999725e+00
4.904289999999999594e+00 4.735229999999999606e+00
4.553180000000000227e+00 4.574869999999999770e+00
2.777019999999999822e+00 3.812819999999999876e+00
2.000000000000000000e+00 2.000000000000000000e+00
