5.000000000000000000e+00 0.000000000000000000e+00
5.695710000000000051e+00 8.899200000000000443e-01
5.638300000000000090e+00 1.353609999999999980e+00
5.561689999999999579e+00 2.141220000000000123e+00
5.291619999999999990e+00 2.859360000000000124e+00
4.656039999999999957e+00 4.246050000000000324e+00
4.905339999999999812e+00 5.622819999999999929e+00
4.888239999999999696e+00 6.862659999999999982e+00
4.974980000000000402e+00 7.830440000000000289e+00
4.904889999999999972e+00 8.606009999999999494e+00
4.970270000000000188e+00 9.223240000000000549e+00
5.000000000000000000e+00 1.000000000000000000e+01
