0.000000000000000000e+00 0.000000000000000000e+00
1.805060000000000109e+00 7.679740000000000455e-01
2.670990000000000197e+00 2.168989999999999974e+00
2.830589999999999939e+00 2.416589999999999794e+00
3.482499999999999929e+00 3.508669999999999956e+00
3.960580000000000211e+00 4.671359999999999957e+00
4.098989999999999689e+00 5.007629999999999804e+00
4.961759999999999948e+00 6.161920000000000286e+00
5.506590000000000096e+00 7.305799999999999628e+00
5.969079999999999941e+00 7.804179999999999673e+00
7.765909999999999869e+00 1.010720000000000063e+01
1.000000000000000000e+01 1.000000000000000000e+01
