1.000000000000000000e+01 5.000000000000000000e+00
1.006620000000000026e+01 5.600629999999999775e+00
8.551099999999999923e+00 5.514009999999999856e+00
7.922039999999999971e+00 5.582779999999999632e+00
7.192459999999999631e+00 5.590530000000000221e+00
6.520319999999999894e+00 5.516420000000000101e+00
6.005679999999999907e+00 5.540110000000000312e+00
5.669789999999999885e+00 5.568920000000000314e+00
4.982350000000000279e+00 5.568080000000000140e+00
4.625300000000000189e+00 5.524189999999999934e+00
3.849839999999999929e+00 5.433679999999999843e+00
3.011420000000000208e+00 5.168020000000000280e+00
2.268250000000000099e+00 5.264350000000000307e+00
0.000000000000000000e+00 5.000000000000000000e+00
