1.000000000000000000e+01 1.000000000000000000e+01
7.908960000000000434e+00 9.477420000000000400e+00
7.227100000000000080e+00 9.263540000000000774e+00
6.228830000000000311e+00 8.221170000000000755e+00
5.729540000000000077e+00 6.810760000000000147e+00
4.664039999999999964e+00 5.235490000000000421e+00
3.942600000000000104e+00 3.823650000000000215e+00
3.533180000000000209e+00 3.277200000000000113e+00
3.009689999999999976e+00 1.993559999999999999e+00
2.609430000000000138e+00 1.142069999999999919e+00
1.366999999999999993e+00 4.126330000000000275e-01
0.000000000000000000e+00 0.000000000000000000e+00
