2.000000000000000000e+00 2.000000000000000000e+00
3.595419999999999838e+00 4.082019999999999982e+00
4.435100000000000264e+00 4.506750000000000256e+00
5.156250000000000000e+00 5.019890000000000185e+00
5.610229999999999606e+00 5.176230000000000331e+00
6.132880000000000109e+00 5.439720000000000333e+00
6.600880000000000081e+00 5.809210000000000207e+00
6.968989999999999796e+00 6.254719999999999835e+00
7.188360000000000305e+00 6.716319999999999624e+00
7.340910000000000046e+00 6.900660000000000238e+00
7.612630000000000230e+00 7.405079999999999885e+00
8.000000000000000000e+00 8.000000000000000000e+00
